3 4 5
6 8 10
5 12 13
9 12 15
8 15 17
12 16 20
7 24 25
15 20 25
10 24 26
20 21 29
18 24 30
16 30 34
21 28 35
12 35 37
15 36 39
24 32 40
9 40 41
27 36 45
14 48 50
30 40 50
24 45 51
20 48 52
28 45 53
33 44 55
40 42 58
36 48 60
11 60 61
16 63 65
25 60 65
33 56 65
39 52 65
32 60 68
42 56 70
48 55 73
24 70 74
21 72 75
45 60 75
30 72 78
48 64 80
18 80 82
13 84 85
36 77 85
40 75 85
51 68 85
60 63 87
39 80 89
54 72 90
35 84 91
57 76 95
65 72 97
28 96 100
60 80 100
20 99 101
48 90 102
40 96 104
63 84 105
56 90 106
60 91 109
66 88 110
36 105 111
15 112 113
69 92 115
80 84 116
45 108 117
56 105 119
72 96 120
22 120 122
27 120 123
35 120 125
44 117 125
75 100 125
32 126 130
50 120 130
66 112 130
78 104 130
81 108 135
64 120 136
88 105 137
84 112 140
55 132 143
17 144 145
24 143 145
87 116 145
100 105 145
96 110 146
48 140 148
51 140 149
42 144 150
90 120 150
