1) 0.0, 0.0
2) 2.0, 0.6366197723675814
3) 2.6666666666666665, 0.8488263631567751
4) 3.0, 0.954929658551372
5) 3.2, 1.0185916357881302
6) 3.3333333333333335, 1.061032953945969
7) 3.4285714285714284, 1.091348181201568
8) 3.5, 1.1140846016432675
9) 3.111111111111111, 0.9902974236829044
10) 3.2, 1.0185916357881302
11) 2.909090909090909, 0.9259923961710275
12) 3.0, 0.954929658551372
13) 3.076923076923077, 0.9794150344116637
14) 3.142857142857143, 1.0004024994347707
15) 3.2, 1.0185916357881302
16) 3.25, 1.0345071300973196
17) 3.0588235294117645, 0.9736537695033597
18) 3.111111111111111, 0.9902974236829044
19) 3.1578947368421053, 1.0051891142646021
20) 3.2, 1.0185916357881302
21) 3.238095238095238, 1.0307177266903698
22) 3.272727272727273, 1.041741445692406
23) 3.3043478260869565, 1.0518065804333954
24) 3.3333333333333335, 1.061032953945969
25) 3.36, 1.0695212175775366
26) 3.230769230769231, 1.0283857861322467
27) 3.259259259259259, 1.0374544438582807
28) 3.2857142857142856, 1.0458753403181693
29) 3.310344827586207, 1.0537154852980657
30) 3.3333333333333335, 1.061032953945969
31) 3.3548387096774195, 1.0678783278423947
32) 3.375, 1.0742958658702935
33) 3.272727272727273, 1.041741445692406
34) 3.176470588235294, 1.0111019914073351
35) 3.2, 1.0185916357881302
36) 3.2222222222222223, 1.0256651888144366
37) 3.135135135135135, 0.997944508035668
38) 3.1578947368421053, 1.0051891142646021
39) 3.1794871794871793, 1.0120622022253858
40) 3.2, 1.0185916357881302
41) 3.2195121951219514, 1.0248025603965945
42) 3.238095238095238, 1.0307177266903698
43) 3.255813953488372, 1.0363577689704813
44) 3.272727272727273, 1.041741445692406
45) 3.2888888888888888, 1.046885847893356
46) 3.3043478260869565, 1.0518065804333954
47) 3.3191489361702127, 1.0565179200993904
48) 3.3333333333333335, 1.061032953945969
49) 3.3469387755102042, 1.065363700696769
50) 3.36, 1.0695212175775366
51) 3.372549019607843, 1.0735156945806275
52) 3.3846153846153846, 1.07735653785283
53) 3.3962264150943398, 1.0810524436430626
54) 3.4074074074074074, 1.084611464033657
55) 3.3454545454545452, 1.0648912555966814
56) 3.357142857142857, 1.0686117607598686
57) 3.3684210526315788, 1.0722017218822422
58) 3.3793103448275863, 1.0756678912417754
59) 3.389830508474576, 1.0790165633348836
60) 3.3333333333333335, 1.061032953945969
61) 3.3442622950819674, 1.0645117505162836
62) 3.2903225806451615, 1.0473422061531177
63) 3.3015873015873014, 1.0509278781941025
64) 3.3125, 1.0544014979838066
65) 3.3230769230769233, 1.057768237164597
66) 3.3333333333333335, 1.061032953945969
67) 3.283582089552239, 1.0451966412005067
68) 3.2941176470588234, 1.0485502133113105
69) 3.3043478260869565, 1.0518065804333954
70) 3.3142857142857145, 1.0549699084948492
71) 3.323943661971831, 1.058044128723586
72) 3.3333333333333335, 1.061032953945969
73) 3.287671232876712, 1.046498255946709
74) 3.2432432432432434, 1.032356387623105
75) 3.2533333333333334, 1.0355681630512656
76) 3.263157894736842, 1.0386954180734222
77) 3.272727272727273, 1.041741445692406
78) 3.282051282051282, 1.044709370039108
79) 3.240506329113924, 1.0314852007981066
80) 3.25, 1.0345071300973196
81) 3.2098765432098766, 1.0217354371331553
82) 3.2195121951219514, 1.0248025603965945
83) 3.2289156626506026, 1.0277957770753723
84) 3.1904761904761907, 1.0155601130625704
85) 3.2, 1.0185916357881302
86) 3.1627906976744184, 1.006747546999896
87) 3.1724137931034484, 1.0098106734106465
88) 3.1818181818181817, 1.0128041833120611
89) 3.191011235955056, 1.015730423328051
90) 3.2, 1.0185916357881302
91) 3.208791208791209, 1.0213899644578779
92) 3.217391304347826, 1.0241274598956744
93) 3.225806451612903, 1.026806084463841
94) 3.234042553191489, 1.0294277170199186
95) 3.2421052631578946, 1.0319941573116582
96) 3.2083333333333335, 1.0212442181729953
97) 3.216494845360825, 1.0238421081375535
98) 3.183673469387755, 1.0133947396871703
99) 3.1515151515151514, 1.0031584291852798
100) 3.12, 0.993126844893427
1000) 3.104, 0.9880338867144863
10000) 3.1216, 0.993636140711321
100000) 3.13384, 0.9975322537182106
1000000) 3.1436, 1.0006389582073645